382.1381098
382.1860688
382.2340231
382.2819727
382.3299176
382.3778577
382.4257931
382.4737238
382.5216497
382.5695708
382.6174873
382.6653989
382.7133059
382.7612081
382.8091055
382.8569982
382.9048861
382.9527693
383.0006478
383.0485215
383.0963904
383.1442546
383.192114
383.2399686
383.2878185
383.3356636
383.383504
383.4313396
383.4791704
383.5269964
383.5748177
383.6226342
383.6704459
383.7182529
383.7660551
383.8138525
383.8616451
383.909433
383.957216
384.0049943
384.0527678
384.1005365
384.1483004
384.1960596
384.2438139
384.2915634
384.3393082
384.3870481
384.4347833
384.4825137
384.5302392
384.57796
384.625676
384.6733871
384.7210935
384.768795
384.8164918
384.8641837
384.9118708
384.9595531
385.0072306
385.0549033
385.1025711
385.1502342
385.1978924
385.2455458
385.2931944
385.3408382
385.3884771
385.4361112
385.4837405
385.531365
385.5789846
385.6265994
385.6742094
385.7218145
385.7694148
385.8170102
385.8646009
385.9121866
385.9597676
386.0073437
386.0549149
386.1024813
386.1500429
386.1975996
386.2451515
386.2926985
386.3402406
386.3877779
386.4353104
386.482838
386.5303607
386.5778786
386.6253916
386.6728998
386.7204031
386.7679015
386.8153951
386.8628838
386.9103676
386.9578466
387.0053207
387.0527899
387.1002543
387.1477137
387.1951683
387.242618
387.2900629
387.3375028
387.3849379
387.4323681
387.4797934
387.5272138
387.5746294
387.62204
387.6694458
387.7168466
387.7642426
387.8116337
387.8590199
387.9064012
387.9537776
388.0011491
388.0485156
388.0958773
388.1432341
388.190586
388.237933
388.2852751
388.3326122
388.3799445
388.4272718
388.4745942
388.5219118
388.5692244
388.616532
388.6638348
388.7111327
388.7584256
388.8057136
388.8529967
388.9002748
388.9475481
388.9948164
389.0420798
389.0893382
389.1365917
389.1838403
389.231084
389.2783227
389.3255565
389.3727853
389.4200092
389.4672282
389.5144422
389.5616513
389.6088555
389.6560546
389.7032489
389.7504382
389.7976226
389.844802
389.8919764
389.9391459
389.9863105
390.03347
390.0806247
390.1277744
390.1749191
390.2220588
390.2691936
390.3163235
390.3634483
390.4105682
390.4576832
390.5047931
390.5518981
390.5989982
390.6460932
390.6931833
390.7402684
390.7873485
390.8344237
390.8814939
390.9285591
390.9756193
391.0226745
391.0697248
391.1167701
391.1638103
391.2108456
391.2578759
391.3049013
391.3519216
391.3989369
391.4459473
391.4929526
391.539953
391.5869483
391.6339387
391.680924
391.7279044
391.7748797
391.8218501
391.8688154
391.9157758
391.9627311
392.0096814
392.0566267
392.1035671
392.1505023
392.1974326
392.2443579
392.2912781
392.3381934
392.3851036
392.4320088
392.478909
392.5258041
392.5726942
392.6195793
392.6664594
392.7133345
392.7602045
392.8070695
392.8539295
392.9007844
392.9476343
392.9944792
393.041319
393.0881538
393.1349836
393.1818083
393.228628
393.2754426
393.3222522
393.3690567
393.4158562
393.4626507
393.5094401
393.5562245
393.6030038
393.6497781
393.6965473
393.7433114
393.7900705
393.8368246
393.8835736
393.9303175
393.9770564
394.0237902
394.0705189
394.1172426
394.1639612
394.2106748
394.2573833
394.3040867
394.3507851
394.3974784
394.4441666
394.4908497
394.5375278
394.5842008
394.6308687
394.6775315
394.7241893
394.770842
394.8174896
394.8641321
394.9107695
394.9574019
395.0040291
395.0506513
395.0972684
395.1438804
395.1904873
395.2370891
395.2836859
395.3302775
395.376864
395.4234455
395.4700218
395.5165931
395.5631592
395.6097203
395.6562762
395.7028271
395.7493728
395.7959134
395.842449
395.8889794
395.9355047
395.9820249
396.02854
396.07505
396.1215548
396.1680546
396.2145492
396.2610387
396.3075231
396.3540024
396.4004766
396.4469456
396.4934095
396.5398683
396.586322
396.6327705
396.6792139
396.7256522
396.7720854
396.8185134
396.8649363
396.9113541
396.9577667
397.0041742
397.0505766
397.0969738
397.1433659
397.1897528
397.2361346
397.2825113
397.3288828
397.3752492
397.4216104
397.4679665
397.5143174
397.5606632
397.6070038
397.6533393
397.6996697
397.7459948
397.7923149
397.8386297
397.8849395
397.931244
397.9775434
398.0238377
398.0701267
398.1164107
398.1626894
398.208963
398.2552314
398.3014947
398.3477528
398.3940057
398.4402535
398.4864961
398.5327335
398.5789657
398.6251928
398.6714147
398.7176314
398.7638429
398.8100493
398.8562505
398.9024465
398.9486373
398.9948229
399.0410034
399.0871787
399.1333488
399.1795137
399.2256734
399.2718279
399.3179772
399.3641214
399.4102603
399.4563941
399.5025226
399.548646
399.5947641
399.6408771
399.6869849
399.7330875
399.7791848
399.825277
399.871364
399.9174457
399.9635223
400.0095936
400.0556598
400.1017207
400.1477765
400.193827
400.2398723
400.2859124
400.3319472
400.3779769
400.4240014
400.4700206
400.5160346
400.5620434
400.608047
400.6540453
400.7000385
400.7460264
400.7920091
400.8379865
400.8839588
400.9299258
400.9758876
401.0218441
401.0677954
401.1137415
401.1596824
401.205618
401.2515484
401.2974735
401.3433935
401.3893081
401.4352176
401.4811218
401.5270208
401.5729145
401.6188029
401.6646862
401.7105642
401.7564369
401.8023044
401.8481667
401.8940237
401.9398754
401.9857219
402.0315632
402.0773992
402.1232299
402.1690554
402.2148756
402.2606906
402.3065003
402.3523048
402.398104
402.4438979
402.4896866
402.53547
402.5812482
402.6270211
402.6727887
402.718551
402.7643081
402.8100599
402.8558065
402.9015477
402.9472838
402.9930145
403.0387399
403.0844601
403.130175
403.1758847
403.221589
403.2672881
403.3129819
403.3586704
403.4043536
403.4500316
403.4957042
403.5413716
403.5870337
403.6326905
403.678342
403.7239883
403.7696292
403.8152649
403.8608952
403.9065203
403.9521401
403.9977545
404.0433637
404.0889676
404.1345662
404.1801595
404.2257475
404.2713302
404.3169076
404.3624797
404.4080465
404.4536079
404.4991641
404.544715
404.5902606
404.6358008
404.6813358
404.7268654
404.7723897
404.8179088
404.8634225
404.9089309
404.9544339
404.9999317
405.0454241
405.0909113
405.1363931
405.1818696
405.2273407
405.2728066
405.3182671
405.3637223
405.4091722
405.4546167
405.500056
405.5454899
405.5909184
405.6363417
405.6817596
405.7271722
405.7725794
405.8179814
405.863378
405.9087692
405.9541551
405.9995357
406.044911
406.0902809
406.1356454
406.1810047
406.2263586
406.2717071
406.3170503
406.3623882
406.4077207
406.4530479
406.4983697
406.5436862
406.5889973
406.6343031
406.6796035
406.7248986
406.7701883
406.8154727
406.8607517
406.9060254
406.9512937
406.9965567
407.0418143
407.0870665
407.1323134
407.177555
407.2227911
407.2680219
407.3132474
407.3584674
407.4036822
407.4488915
407.4940955
407.5392941
407.5844874
407.6296752
407.6748577
407.7200349
407.7652067
407.8103731
407.8555341
407.9006897
407.94584
407.9909849
408.0361244
408.0812586
408.1263873
408.1715107
408.2166287
408.2617414
408.3068486
408.3519505
408.397047
408.4421381
408.4872238
408.5323041
408.577379
408.6224486
408.6675127
408.7125715
408.7576249
408.8026729
408.8477155
408.8927527
408.9377845
408.9828109
409.0278319
409.0728476
409.1178578
409.1628626
409.2078621
409.2528561
409.2978447
409.3428279
409.3878058
409.4327782
409.4777452
409.5227068
409.567663
409.6126138
409.6575592
409.7024992
409.7474338
409.792363
409.8372867
409.8822051
409.927118
409.9720255
410.0169276
410.0618243
410.1067156
410.1516014
410.1964819
410.2413569
410.2862265
410.3310907
410.3759495
410.4208028
410.4656507
410.5104932
410.5553303
410.6001619
410.6449882
410.689809
410.7346243
410.7794343
410.8242388
410.8690379
410.9138315
410.9586197
411.0034025
411.0481799
411.0929518
411.1377183
411.1824793
411.2272349
411.2719851
411.3167299
411.3614692
411.406203
411.4509315
411.4956544
411.540372
411.5850841
411.6297907
411.6744919
411.7191877
411.763878
411.8085629
411.8532423
411.8979163
411.9425848
411.9872479
412.0319056
412.0765577
412.1212045
412.1658457
412.2104816
412.2551119
412.2997368
412.3443563
412.3889703
412.4335788
412.4781819
412.5227795
412.5673717
412.6119584
412.6565397
412.7011154
412.7456858
412.7902506
412.83481
412.8793639
412.9239124
412.9684554
413.0129929
413.057525
413.1020516
413.1465727
413.1910883
413.2355985
413.2801032
413.3246024
413.3690962
413.4135845
413.4580673
413.5025446
413.5470165
413.5914829
413.6359438
413.6803992
413.7248491
413.7692936
413.8137326
413.8581661
413.9025941
413.9470167
413.9914337
414.0358453
414.0802514
414.124652
414.1690471
414.2134367
414.2578208
414.3021995
414.3465726
414.3909403
414.4353025
414.4796592
414.5240104
414.5683561
414.6126963
414.657031
414.7013602
414.7456839
414.7900021
414.8343149
414.8786221
414.9229238
414.96722
415.0115108
415.055796
415.1000757
415.1443499
415.1886186
415.2328819
415.2771396
415.3213918
415.3656385
415.4098797
415.4541153
415.4983455
415.5425702
415.5867893
415.631003
415.6752111
415.7194137
415.7636108
415.8078024
415.8519885
415.8961691
415.9403441
415.9845137
416.0286777
416.0728362
416.1169892
416.1611366
416.2052786
416.249415
416.2935459
416.3376713
416.3817912
416.4259055
416.4700143
416.5141176
416.5582154
416.6023076
416.6463943
416.6904755
416.7345512
416.7786213
416.8226859
416.866745
416.9107985
416.9548466
416.998889
417.042926
417.0869574
417.1309833
417.1750036
417.2190185
417.2630277
417.3070315
417.3510297
417.3950224
417.4390095
417.4829911
417.5269671
417.5709376
417.6149026
417.658862
417.7028159
417.7467643
417.7907071
417.8346443
417.878576
417.9225022
417.9664228
418.0103379
418.0542474
418.0981514
418.1420499
418.1859427
418.2298301
418.2737118
418.3175881
418.3614588
418.4053239
418.4491835
418.4930375
418.536886
418.5807289
418.6245662
418.668398
418.7122243
418.7560449
418.7998601
418.8436696
418.8874737
418.9312721
418.975065
419.0188523
419.0626341
419.1064103
419.1501809
419.193946
419.2377055
419.2814595
419.3252079
419.3689507
419.4126879
419.4564196
419.5001457
419.5438663
419.5875813
419.6312907
419.6749945
419.7186928
419.7623855
419.8060726
419.8497542
419.8934302
419.9371006
419.9807654
420.0244246
420.0680783
420.1117264
420.155369
420.1990059
420.2426373
420.2862631
420.3298833
420.3734979
420.417107
420.4607105
420.5043083
420.5479007
420.5914874
420.6350685
420.6786441
420.7222141
420.7657785
420.8093373
420.8528905
420.8964381
420.9399802
420.9835166
421.0270475
421.0705728
421.1140925
421.1576066
421.2011151
421.244618
421.2881153
421.3316071
421.3750932
421.4185738
421.4620487
421.5055181
421.5489818
421.59244
421.6358926
421.6793396
421.7227809
421.7662167
421.8096469
421.8530715
421.8964905
421.9399039
421.9833116
422.0267138
422.0701104
422.1135014
422.1568868
422.2002665
422.2436407
422.2870093
422.3303722
422.3737296
422.4170813
422.4604275
422.503768
422.5471029
422.5904322
422.6337559
422.677074
422.7203865
422.7636934
422.8069947
422.8502903
422.8935804
422.9368648
422.9801436
423.0234168
423.0666844
423.1099464
423.1532028
423.1964535
423.2396986
423.2829381
423.326172
423.3694003
423.412623
423.45584
423.4990515
423.5422573
423.5854574
423.628652
423.6718409
423.7150243
423.758202
423.801374
423.8445405
423.8877013
423.9308565
423.9740061
424.01715
424.0602884
424.1034211
424.1465482
424.1896696
424.2327854
424.2758956
424.3190002
424.3620991
424.4051924
424.4482801
424.4913621
424.5344385
424.5775093
424.6205745
424.663634
424.7066879
424.7497361
424.7927787
424.8358157
424.8788471
424.9218728
424.9648928
425.0079073
425.0509161
425.0939193
425.1369168
425.1799087
425.2228949
425.2658755
425.3088505
425.3518198
425.3947835
425.4377416
425.480694
425.5236407
425.5665819
425.6095173
425.6524472
425.6953714
425.7382899
425.7812028
425.8241101
425.8670117
425.9099077
425.952798
425.9956826
426.0385617
426.081435
426.1243028
426.1671649
426.2100213
426.2528721
426.2957172
426.3385567
426.3813905
426.4242187
426.4670412
426.5098581
426.5526693
426.5954749
426.6382748
426.6810691
426.7238577
426.7666406
426.8094179
426.8521895
426.8949555
426.9377159
426.9804705
427.0232195
427.0659629
427.1087006
427.1514326
427.194159
427.2368797
427.2795948
427.3223042
427.3650079
427.407706
427.4503984
427.4930851
427.5357662
427.5784417
427.6211114
427.6637755
427.706434
427.7490867
427.7917338
427.8343753
427.877011
427.9196412
427.9622656
428.0048844
428.0474975
428.0901049
428.1327067
428.1753028
428.2178932
428.260478
428.3030571
428.3456305
428.3881983
428.4307603
428.4733168
428.5158675
428.5584126
428.600952
428.6434857
428.6860137
428.7285361
428.7710528
428.8135638
428.8560692
428.8985689
428.9410629
428.9835512
429.0260338
429.0685108
429.1109821
429.1534477
429.1959077
429.2383619
429.2808105
429.3232534
429.3656906
429.4081222
429.450548
429.4929682
429.5353827
429.5777915
429.6201947
429.6625921
429.7049839
429.74737
429.7897504
429.8321252
429.8744942
429.9168576
429.9592152
430.0015672
430.0439135
430.0862542
430.1285891
430.1709183
430.2132419
430.2555598
430.297872
430.3401785
430.3824793
430.4247744
430.4670639
430.5093476
430.5516257
430.593898
430.6361647
430.6784257
430.720681
430.7629306
430.8051745
430.8474128
430.8896453
430.9318721
430.9740933
431.0163087
431.0585185
431.1007226
431.142921
431.1851136
431.2273006
431.2694819
431.3116575
431.3538274
431.3959916
431.4381501
431.480303
431.5224501
431.5645915
431.6067272
431.6488572
431.6909816
431.7331002
431.7752131
431.8173204
431.8594219
431.9015177
431.9436079
431.9856923
432.027771
432.0698441
432.1119114
432.153973
432.196029
432.2380792
432.2801237
432.3221626
432.3641957
432.4062231
432.4482448
432.4902608
432.5322711
432.5742757
432.6162746
432.6582678
432.7002553
432.7422371
432.7842132
432.8261835
432.8681482
432.9101072
432.9520604
432.994008
433.0359498
433.0778859
433.1198164
433.1617411
433.2036601
433.2455734
433.287481
433.3293828
433.371279
433.4131695
433.4550542
433.4969333
433.5388066
433.5806742
433.6225361
433.6643923
433.7062428
433.7480876
433.7899266
433.83176
433.8735876
433.9154096
433.9572258
433.9990363
434.040841
434.0826401
434.1244335
434.1662211
434.208003
434.2497793
434.2915498
434.3333145
434.3750736
434.416827
434.4585746
434.5003165
434.5420527
434.5837832
434.625508
434.667227
434.7089403
434.750648
434.7923499
434.834046
434.8757365
434.9174212
434.9591003
435.0007736
435.0424412
435.084103
435.1257592
435.1674096
435.2090543
435.2506933
435.2923265
435.3339541
435.3755759
435.417192
435.4588024
435.500407
435.542006
435.5835992
435.6251867
435.6667685
435.7083445
435.7499148
435.7914794
435.8330383
435.8745915
435.9161389
435.9576806
435.9992166
436.0407468
436.0822714
436.1237902
436.1653032
436.2068106
436.2483122
436.2898081
436.3312983
436.3727828
436.4142615
436.4557345
436.4972018
436.5386633
436.5801191
436.6215692
436.6630136
436.7044522
436.7458851
436.7873123
436.8287338
436.8701495
436.9115595
436.9529638
436.9943623
437.0357551
437.0771422
437.1185236
437.1598992
437.2012691
437.2426333
437.2839917
437.3253444
437.3666914
437.4080326
437.4493681
437.4906979
437.532022
437.5733403
437.6146529
437.6559597
437.6972608
437.7385562
437.7798459
437.8211298
437.862408
437.9036805
437.9449472
437.9862082
438.0274635
438.068713
438.1099568
438.1511949
438.1924272
438.2336538
438.2748747
438.3160898
438.3572992
438.3985029
438.4397008
438.480893
438.5220795
438.5632602
438.6044352
438.6456044
438.686768
438.7279258
438.7690778
438.8102241
438.8513647
438.8924995
438.9336286
438.974752
439.0158697
439.0569816
439.0980877
439.1391881
439.1802828
439.2213718
439.262455
439.3035325
439.3446042
439.3856702
439.4267305
439.467785
439.5088338
439.5498769
439.5909142
439.6319458
439.6729716
439.7139917
439.7550061
439.7960147
439.8370176
439.8780147
439.9190061
439.9599918
440.0009717
440.0419459
440.0829144
440.1238771
440.1648341
440.2057853
440.2467308
440.2876705
440.3286046
440.3695328
440.4104554
440.4513722
440.4922832
440.5331886
440.5740881
440.614982
440.6558701
440.6967524
440.737629
440.7784999
440.819365
440.8602244
440.9010781
440.941926
440.9827682
441.0236046
441.0644353
441.1052602
441.1460794
441.1868929
441.2277006
441.2685026
441.3092988
441.3500893
441.3908741
441.4316531
441.4724264
441.5131939
441.5539557
441.5947117
441.635462
441.6762066
441.7169454
441.7576785
441.7984058
441.8391274
441.8798433
441.9205534
441.9612578
442.0019564
442.0426493
442.0833364
442.1240178
442.1646934
442.2053634
442.2460275
442.2866859
442.3273386
442.3679856
442.4086268
442.4492622
442.4898919
442.5305159
442.5711341
442.6117466
442.6523533
442.6929543
442.7335496
442.7741391
442.8147228
442.8553009
442.8958731
442.9364397
442.9770004
443.0175555
443.0581048
443.0986484
443.1391862
443.1797182
443.2202446
443.2607652
443.30128
443.3417891
443.3822924
443.4227901
443.4632819
443.503768
443.5442484
443.5847231
443.6251919
443.6656551
443.7061125
443.7465642
443.7870101
443.8274502
443.8678847
443.9083134
443.9487363
443.9891535
444.029565
444.0699707
444.1103706
444.1507648
444.1911533
444.2315361
444.2719131
444.3122843
444.3526498
444.3930096
444.4333636
444.4737119
444.5140544
444.5543912
444.5947222
444.6350475
444.6753671
444.7156809
444.755989
444.7962913
444.8365879
444.8768787
444.9171638
444.9574431
444.9977167
445.0379846
445.0782467
445.1185031
445.1587537
445.1989986
445.2392378
445.2794712
445.3196989
445.3599208
445.4001369
445.4403474
445.4805521
445.520751
445.5609442
445.6011317
445.6413134
445.6814894
445.7216596
445.7618241
445.8019828
445.8421359
445.8822831
445.9224246
445.9625604
446.0026904
446.0428147
446.0829333
446.1230461
446.1631532
446.2032545
446.2433501
446.2834399
446.323524
446.3636024
446.403675
446.4437419
446.483803
446.5238584
446.563908
446.6039519
446.6439901
446.6840225
446.7240492
446.7640702
446.8040854
446.8440948
446.8840985
446.9240965
446.9640888
447.0040753
447.044056
447.084031
447.1240003
447.1639639
447.2039216
447.2438737
447.28382
447.3237606
447.3636954
447.4036245
447.4435479
447.4834655
447.5233774
447.5632835
447.6031839
447.6430786
447.6829675
447.7228507
447.7627281
447.8025998
447.8424658
447.882326
447.9221805
447.9620292
448.0018723
448.0417095
448.0815411
448.1213669
448.1611869
448.2010012
448.2408098
448.2806127
448.3204098
448.3602012
448.3999868
448.4397667
448.4795408
448.5193093
448.559072
448.5988289
448.6385801
448.6783256
448.7180653
448.7577993
448.7975276
448.8372501
448.8769669
448.916678
448.9563833
448.9960829
449.0357768
449.0754649
449.1151473
449.1548239
449.1944948
449.23416
449.2738195
449.3134732
449.3531212
449.3927634
449.4323999
449.4720307
449.5116557
449.551275
449.5908886
449.6304965
449.6700986
449.709695
449.7492856
449.7888705
449.8284497
449.8680231
449.9075909
449.9471529
449.9867091
450.0262596
450.0658044
450.1053435
450.1448768
450.1844044
450.2239263
450.2634424
450.3029528
450.3424575
450.3819564
450.4214496
450.4609371
450.5004189
450.5398949
450.5793652
450.6188298
450.6582886
450.6977417
450.7371891
450.7766308
450.8160667
450.8554969
450.8949214
450.9343401
450.9737531
451.0131604
451.052562
451.0919578
451.1313479
451.1707323
451.210111
451.2494839
451.2888511
451.3282126
451.3675683
451.4069184
451.4462627
451.4856012
451.5249341
451.5642612
451.6035826
451.6428983
451.6822083
451.7215125
451.760811
451.8001038
451.8393908
451.8786722
451.9179478
451.9572177
451.9964819
452.0357403
452.074993
452.1142401
452.1534813
452.1927169
452.2319467
452.2711709
452.3103893
452.349602
452.3888089
452.4280102
452.4672057
452.5063955
452.5455796
452.5847579
452.6239306
452.6630975
452.7022587
452.7414142
452.780564
452.819708
452.8588464
452.897979
452.9371059
452.9762271
453.0153426
453.0544523
453.0935564
453.1326547
453.1717473
453.2108342
453.2499154
453.2889908
453.3280606
453.3671246
453.4061829
453.4452356
453.4842824
453.5233236
453.5623591
453.6013889
453.6404129
453.6794312
453.7184439
453.7574508
453.796452
453.8354474
453.8744372
453.9134213
453.9523996
453.9913723
454.0303392
454.0693004
454.108256
454.1472058
454.1861499
454.2250882
454.2640209
454.3029479
454.3418692
454.3807847
454.4196946
454.4585987
454.4974972
454.5363899
454.5752769
454.6141582
454.6530339
454.6919038
454.730768
454.7696265
454.8084793
454.8473264
454.8861677
454.9250034
454.9638334
455.0026577
455.0414763
455.0802891
455.1190963
455.1578978
455.1966936
455.2354836
455.274268
455.3130467
455.3518196
455.3905869
455.4293485
455.4681043
455.5068545
455.545599
455.5843378
455.6230708
455.6617982
455.7005199
455.7392359
455.7779462
455.8166507
455.8553496
455.8940428
455.9327303
455.9714122
456.0100883
456.0487587
456.0874234
456.1260824
456.1647358
456.2033834
456.2420254
456.2806616
456.3192922
456.3579171
456.3965362
456.4351497
456.4737575
456.5123596
456.5509561
456.5895468
456.6281318
456.6667112
456.7052849
456.7438528
456.7824151
456.8209717
456.8595226
456.8980678
456.9366074
456.9751412
457.0136694
457.0521919
457.0907087
457.1292198
457.1677252
457.2062249
457.244719
457.2832073
457.32169
457.360167
457.3986384
457.437104
457.4755639
457.5140182
457.5524668
457.5909097
457.629347
457.6677785
457.7062044
457.7446246
457.7830391
457.8214479
457.8598511
457.8982486
457.9366404
457.9750265
458.0134069
458.0517817
458.0901508
458.1285142
458.166872
458.205224
458.2435704
458.2819112
458.3202462
458.3585756
458.3968993
458.4352173
458.4735297
458.5118363
458.5501374
458.5884327
458.6267224
458.6650064
458.7032847
458.7415574
458.7798244
458.8180857
458.8563413
458.8945913
458.9328356
458.9710743
459.0093073
459.0475346
459.0857563
459.1239722
459.1621826
459.2003872
459.2385862
459.2767796
459.3149672
459.3531492
459.3913256
459.4294962
459.4676613
459.5058206
459.5439743
459.5821223
459.6202647
459.6584014
459.6965325
459.7346579
459.7727776
459.8108917
459.8490001
459.8871029
459.9252
459.9632915
460.0013772
460.0394574
460.0775319
460.1156007
460.1536639
460.1917214
460.2297733
460.2678195
460.3058601
460.343895
460.3819242
460.4199478
460.4579658
460.4959781
460.5339848
460.5719858
460.6099811
460.6479708
460.6859549
460.7239333
460.7619061
460.7998732
460.8378347
460.8757905
460.9137407
460.9516852
460.9896241
461.0275574
461.065485
461.103407
461.1413233
461.179234
461.217139
461.2550384
461.2929322
461.3308203
461.3687028
461.4065796
461.4444508
461.4823164
461.5201763
461.5580306
461.5958792
461.6337222
461.6715596
461.7093913
461.7472174
461.7850379
461.8228528
461.860662
461.8984655
461.9362635
461.9740558
462.0118424
462.0496235
462.0873989
462.1251687
462.1629328
462.2006913
462.2384442
462.2761915
462.3139331
462.3516691
462.3893995
462.4271243
462.4648434
462.5025569
462.5402648
462.5779671
462.6156637
462.6533547
462.6910401
462.7287198
462.766394
462.8040625
462.8417254
462.8793827
462.9170343
462.9546804
462.9923208
463.0299556
463.0675848
463.1052084
463.1428263
463.1804386
463.2180454
463.2556465
463.2932419
463.3308318
463.3684161
463.4059947
463.4435678
463.4811352
463.518697
463.5562532
463.5938038
463.6313488
463.6688881
463.7064219
463.7439501
463.7814726
463.8189895
463.8565009
463.8940066
463.9315067
463.9690012
464.0064901
464.0439735
464.0814512
464.1189233
464.1563898
464.1938506
464.2313059
464.2687556
464.3061997
464.3436382
464.3810711
464.4184984
464.4559201
464.4933362
464.5307467
464.5681516
464.6055509
464.6429446
464.6803328
464.7177153
464.7550922
464.7924636
464.8298293
464.8671895
464.904544
464.941893
464.9792364
465.0165742
465.0539064
465.091233
465.128554
465.1658695
465.2031793
465.2404836
465.2777823
465.3150754
465.3523629
465.3896448
465.4269211
465.4641919
465.5014571
465.5387167
465.5759707
465.6132191
465.650462
465.6876993
465.724931
465.7621571
465.7993776
465.8365926
465.873802
465.9110058
465.948204
465.9853967
466.0225838
466.0597653
466.0969413
466.1341116
466.1712764
466.2084357
466.2455893
466.2827374
466.3198799
466.3570169
466.3941483
466.4312741
466.4683943
466.505509
466.5426181
466.5797217
466.6168197
466.6539121
466.690999
466.7280803
466.765156
466.8022262
466.8392908
466.8763498
466.9134033
466.9504513
466.9874937
467.0245305
467.0615617
467.0985875
467.1356076
467.1726222
467.2096312
467.2466347
467.2836327
467.3206251
467.3576119
467.3945932
467.4315689
467.4685391
467.5055037
467.5424628
467.5794163
467.6163643
467.6533068
467.6902437
467.727175
467.7641008
467.8010211
467.8379358
467.874845
467.9117486
467.9486467
467.9855392
468.0224262
468.0593077
468.0961836
468.133054
468.1699189
468.2067782
468.243632
468.2804802
468.317323
468.3541601
468.3909918
468.4278179
468.4646385
468.5014535
468.538263
468.575067
468.6118655
468.6486584
468.6854458
468.7222276
468.759004
468.7957748
468.8325401
468.8692999
468.9060541
468.9428028
468.979546
469.0162837
469.0530158
469.0897425
