473.1842034
473.4112661
473.6383123
473.8653422
474.0923557
474.3193528
474.5463335
474.7732978
475.0002458
475.2271774
475.4540926
475.6809915
475.907874
476.1347402
476.36159
476.5884235
476.8152407
477.0420416
477.2688262
477.4955944
477.7223464
477.9490821
478.1758015
478.4025046
478.6291914
478.855862
479.0825163
479.3091543
479.5357761
479.7623817
479.988971
480.2155441
480.442101
480.6686417
480.8951661
481.1216744
481.3481664
481.5746422
481.8011019
482.0275454
482.2539727
482.4803838
482.7067788
482.9331576
483.1595203
483.3858668
483.6121972
483.8385114
484.0648095
484.2910915
484.5173574
484.7436072
484.9698408
485.1960584
485.4222599
485.6484452
485.8746146
486.1007678
486.326905
486.5530261
486.7791311
487.0052201
487.231293
487.45735
487.6833908
487.9094157
488.1354245
488.3614173
488.5873941
488.8133549
489.0392997
489.2652285
489.4911413
489.7170382
489.942919
490.1687839
490.3946328
490.6204658
490.8462828
491.0720838
491.297869
491.5236381
491.7493914
491.9751287
492.2008501
492.4265556
492.6522452
492.8779189
493.1035766
493.3292185
493.5548445
493.7804547
494.0060489
494.2316273
494.4571898
494.6827364
494.9082672
495.1337822
495.3592813
495.5847646
495.810232
496.0356836
496.2611194
496.4865394
496.7119435
496.9373319
497.1627045
497.3880612
497.6134022
497.8387274
498.0640368
498.2893305
498.5146083
498.7398705
498.9651168
499.1903474
499.4155623
499.6407614
499.8659448
500.0911124
500.3162644
500.5414006
500.7665211
500.9916259
501.216715
501.4417883
501.666846
501.891888
502.1169143
502.341925
502.5669199
502.7918992
503.0168629
503.2418109
503.4667432
503.6916599
503.9165609
504.1414463
504.3663161
504.5911702
504.8160087
505.0408316
505.2656389
505.4904306
505.7152066
505.9399671
506.164712
506.3894413
506.614155
506.8388532
507.0635357
507.2882027
507.5128542
507.73749
507.9621104
508.1867152
508.4113044
508.6358781
508.8604362
509.0849789
509.309506
509.5340176
509.7585137
509.9829942
510.2074593
510.4319089
510.656343
510.8807615
511.1051646
511.3295523
511.5539244
511.7782811
512.0026223
512.226948
512.4512583
512.6755531
512.8998325
513.1240965
513.348345
513.5725781
513.7967957
514.0209979
514.2451847
514.4693561
514.6935121
514.9176527
515.1417779
515.3658876
515.589982
515.814061
516.0381246
516.2621729
516.4862057
516.7102232
516.9342254
517.1582121
517.3821835
517.6061396
517.8300803
518.0540057
518.2779157
518.5018104
518.7256898
518.9495539
519.1734026
519.397236
519.6210541
519.8448569
520.0686444
520.2924166
520.5161735
520.7399151
520.9636415
521.1873525
521.4110483
521.6347288
521.858394
522.082044
522.3056787
522.5292982
522.7529024
522.9764913
523.2000651
523.4236235
523.6471668
523.8706948
524.0942076
524.3177052
524.5411875
524.7646547
524.9881066
525.2115433
525.4349649
525.6583712
525.8817623
526.1051383
526.3284991
526.5518447
526.7751751
526.9984903
527.2217904
527.4450753
527.6683451
527.8915996
528.1148391
528.3380634
528.5612726
528.7844666
529.0076454
529.2308092
529.4539578
529.6770913
529.9002097
530.123313
530.3464011
530.5694742
530.7925321
531.0155749
531.2386027
531.4616153
531.6846129
531.9075954
532.1305628
532.3535151
532.5764524
532.7993746
533.0222817
533.2451737
533.4680507
533.6909127
533.9137596
534.1365914
534.3594082
534.58221
534.8049967
535.0277684
535.2505251
535.4732667
535.6959934
535.918705
536.1414016
536.3640832
536.5867497
536.8094013
537.0320379
537.2546595
537.4772661
537.6998577
537.9224343
538.144996
538.3675426
538.5900743
538.8125911
539.0350928
539.2575796
539.4800515
539.7025083
539.9249503
540.1473772
540.3697893
540.5921864
540.8145685
541.0369358
541.259288
541.4816254
541.7039479
541.9262554
542.148548
542.3708257
542.5930884
542.8153363
543.0375693
543.2597873
543.4819905
543.7041788
543.9263521
544.1485106
544.3706542
544.592783
544.8148968
545.0369958
545.2590799
545.4811491
545.7032035
545.925243
546.1472677
546.3692775
546.5912724
546.8132525
547.0352178
547.2571682
547.4791038
547.7010245
547.9229304
548.1448215
548.3666977
548.5885592
548.8104058
549.0322376
549.2540545
549.4758567
549.6976441
549.9194166
550.1411744
550.3629173
550.5846455
550.8063589
551.0280574
551.2497412
551.4714102
551.6930644
551.9147039
552.1363286
552.3579385
552.5795336
552.801114
553.0226796
553.2442304
553.4657665
553.6872878
553.9087944
554.1302863
554.3517634
554.5732257
554.7946733
555.0161062
555.2375243
555.4589277
555.6803164
555.9016903
556.1230496
556.3443941
556.5657239
556.7870389
557.0083393
557.229625
557.4508959
557.6721522
557.8933937
558.1146205
558.3358327
558.5570302
558.7782129
558.999381
559.2205344
559.4416731
559.6627971
559.8839065
560.1050012
560.3260812
560.5471465
560.7681972
560.9892332
561.2102546
561.4312612
561.6522533
561.8732307
562.0941934
562.3151415
562.5360749
562.7569937
562.9778978
563.1987873
563.4196622
563.6405224
563.8613681
564.082199
564.3030154
564.5238171
564.7446042
564.9653767
565.1861346
565.4068778
565.6276065
565.8483205
566.0690199
566.2897047
566.5103749
566.7310306
566.9516716
567.172298
567.3929098
567.6135071
567.8340897
568.0546578
568.2752112
568.4957501
568.7162744
568.9367842
569.1572793
569.3777599
569.5982259
569.8186774
570.0391142
570.2595365
570.4799443
570.7003375
570.9207161
571.1410802
571.3614297
571.5817646
571.8020851
572.0223909
572.2426823
572.462959
572.6832213
572.903469
573.1237021
573.3439207
573.5641248
573.7843144
574.0044894
574.2246499
574.4447959
574.6649273
574.8850442
575.1051466
575.3252345
575.5453079
575.7653668
575.9854111
576.2054409
576.4254563
576.6454571
576.8654434
577.0854152
577.3053725
577.5253153
577.7452437
577.9651575
578.1850568
578.4049416
578.624812
578.8446678
579.0645092
579.2843361
579.5041485
579.7239464
579.9437298
580.1634988
580.3832533
580.6029933
580.8227188
581.0424299
581.2621265
581.4818086
581.7014763
581.9211294
582.1407682
582.3603925
582.5800023
582.7995976
583.0191785
583.238745
583.4582969
583.6778345
583.8973576
584.1168662
584.3363604
584.5558401
584.7753054
584.9947563
585.2141927
585.4336147
585.6530222
585.8724153
586.091794
586.3111582
586.530508
586.7498434
586.9691643
587.1884708
587.4077629
587.6270405
587.8463038
588.0655526
588.284787
588.5040069
588.7232125
588.9424036
589.1615803
589.3807426
589.5998905
589.819024
590.0381431
590.2572477
590.476338
590.6954138
590.9144752
591.1335223
591.3525549
591.5715731
591.7905769
592.0095663
592.2285414
592.447502
592.6664482
592.88538
593.1042975
593.3232005
593.5420892
593.7609634
593.9798233
594.1986688
594.4174999
594.6363166
594.8551189
595.0739068
595.2926804
595.5114396
595.7301844
595.9489148
596.1676308
596.3863325
596.6050197
596.8236926
597.0423512
597.2609953
597.4796251
597.6982405
597.9168415
598.1354282
598.3540005
598.5725584
598.791102
599.0096311
599.228146
599.4466464
599.6651325
599.8836042
600.1020616
600.3205046
600.5389332
600.7573475
600.9757474
601.194133
601.4125042
601.630861
601.8492035
602.0675317
602.2858454
602.5041449
602.7224299
602.9407006
603.158957
603.377199
603.5954267
603.81364
604.0318389
604.2500235
604.4681938
604.6863497
604.9044913
605.1226185
605.3407314
605.5588299
605.7769141
605.9949839
606.2130394
606.4310806
606.6491074
606.8671198
607.0851179
607.3031017
607.5210712
607.7390263
607.956967
608.1748934
608.3928055
608.6107033
608.8285867
609.0464557
609.2643105
609.4821509
609.6999769
609.9177886
610.135586
610.3533691
610.5711378
610.7888921
611.0066322
611.2243579
611.4420693
611.6597663
611.877449
612.0951174
612.3127714
612.5304111
612.7480365
612.9656476
613.1832443
613.4008267
613.6183947
613.8359484
614.0534878
614.2710129
614.4885236
614.70602
614.9235021
615.1409698
615.3584232
615.5758623
615.7932871
616.0106975
616.2280936
616.4454753
616.6628428
616.8801959
617.0975346
617.3148591
617.5321692
617.749465
617.9667464
618.1840136
618.4012663
618.6185048
618.835729
619.0529388
619.2701343
619.4873154
619.7044822
619.9216347
620.1387729
620.3558967
620.5730062
620.7901014
621.0071822
621.2242488
621.4413009
621.6583388
621.8753623
622.0923715
622.3093664
622.5263469
622.7433131
622.960265
623.1772025
623.3941257
623.6110346
623.8279292
624.0448094
624.2616752
624.4785268
624.695364
624.9121869
625.1289954
625.3457896
625.5625695
625.779335
625.9960862
626.2128231
626.4295456
626.6462538
626.8629477
627.0796272
627.2962924
627.5129432
627.7295798
627.9462019
628.1628098
628.3794032
628.5959824
628.8125472
629.0290977
629.2456338
629.4621556
629.678663
629.8951561
630.1116349
630.3280993
630.5445493
630.7609851
630.9774064
631.1938135
631.4102061
631.6265845
631.8429485
632.0592981
632.2756334
632.4919543
632.7082609
632.9245531
633.140831
633.3570945
633.5733437
633.7895785
634.005799
634.2220051
634.4381968
634.6543742
634.8705373
635.0866859
635.3028203
635.5189402
635.7350458
635.9511371
636.1672139
636.3832764
636.5993246
636.8153584
637.0313778
637.2473828
637.4633735
637.6793498
637.8953117
638.1112593
638.3271925
638.5431113
638.7590158
638.9749059
639.1907816
639.4066429
639.6224898
639.8383224
640.0541406
640.2699444
640.4857339
640.7015089
640.9172696
641.1330159
641.3487478
641.5644653
641.7801684
641.9958571
642.2115315
642.4271914
642.642837
642.8584682
643.074085
643.2896874
643.5052753
643.7208489
643.9364081
644.1519529
644.3674833
644.5829993
644.7985009
645.0139881
645.2294609
645.4449192
645.6603632
645.8757928
646.0912079
646.3066086
646.5219949
646.7373669
646.9527243
647.1680674
647.3833961
647.5987103
647.8140101
648.0292955
648.2445665
648.459823
648.6750651
648.8902928
649.1055061
649.3207049
649.5358893
649.7510593
649.9662148
650.1813559
650.3964826
650.6115948
650.8266926
651.0417759
651.2568448
651.4718992
651.6869392
651.9019648
652.1169759
652.3319725
652.5469547
652.7619225
652.9768757
653.1918146
653.4067389
653.6216488
653.8365443
654.0514253
654.2662918
654.4811438
654.6959814
654.9108045
655.1256132
655.3404073
655.555187
655.7699522
655.984703
656.1994392
656.414161
656.6288683
656.8435611
657.0582394
657.2729032
657.4875525
657.7021874
657.9168077
658.1314135
658.3460049
658.5605817
658.7751441
658.9896919
659.2042253
659.4187441
659.6332484
659.8477382
660.0622135
660.2766743
660.4911205
660.7055523
660.9199695
661.1343722
661.3487603
661.563134
661.7774931
661.9918377
662.2061677
662.4204833
662.6347842
662.8490707
663.0633426
663.2775999
663.4918427
663.706071
663.9202847
664.1344839
664.3486685
664.5628385
664.776994
664.991135
665.2052613
665.4193732
665.6334704
665.8475531
666.0616212
666.2756747
666.4897137
666.703738
666.9177478
667.1317431
667.3457237
667.5596898
667.7736412
667.9875781
668.2015004
668.415408
668.6293011
668.8431796
669.0570435
669.2708928
669.4847275
669.6985475
669.912353
670.1261438
670.33992
670.5536816
670.7674286
670.981161
671.1948787
671.4085818
671.6222703
671.8359441
672.0496033
672.2632479
672.4768778
672.6904931
672.9040938
673.1176798
673.3312511
673.5448078
673.7583498
673.9718772
674.1853899
674.398888
674.6123714
674.8258401
675.0392941
675.2527335
675.4661582
675.6795682
675.8929636
676.1063442
676.3197102
676.5330615
676.7463981
676.95972
677.1730272
677.3863197
677.5995975
677.8128605
678.0261089
678.2393426
678.4525616
678.6657658
678.8789553
679.0921301
679.3052902
679.5184356
679.7315662
679.9446821
680.1577832
680.3708696
680.5839413
680.7969982
681.0100404
681.2230678
681.4360805
681.6490784
681.8620616
682.07503
682.2879836
682.5009225
682.7138466
682.9267559
683.1396505
683.3525303
683.5653952
683.7782454
683.9910809
684.2039015
684.4167073
684.6294983
684.8422746
685.055036
685.2677826
685.4805144
685.6932314
685.9059336
686.118621
686.3312935
686.5439513
686.7565942
686.9692222
687.1818354
687.3944338
687.6070174
687.8195861
688.0321399
688.244679
688.4572031
688.6697124
688.8822068
689.0946864
689.3071511
689.519601
689.7320359
689.944456
690.1568612
690.3692516
690.581627
690.7939876
691.0063332
691.218664
691.4309799
691.6432808
691.8555669
692.067838
692.2800943
692.4923356
692.704562
692.9167734
693.12897
693.3411516
693.5533183
693.7654701
693.9776069
694.1897287
694.4018356
694.6139276
694.8260046
695.0380667
695.2501138
695.4621459
695.6741631
695.8861653
696.0981525
696.3101247
696.522082
696.7340242
696.9459515
697.1578638
697.3697611
697.5816434
697.7935107
698.005363
698.2172002
698.4290225
698.6408297
698.8526219
699.0643991
699.2761612
699.4879084
699.6996405
699.9113575
700.1230595
700.3347464
700.5464183
700.7580752
700.969717
701.1813437
701.3929553
701.6045519
701.8161334
702.0276998
702.2392512
702.4507874
702.6623086
702.8738147
703.0853056
703.2967815
703.5082423
703.7196879
703.9311185
704.1425339
704.3539342
704.5653194
704.7766894
704.9880443
705.1993841
705.4107087
705.6220182
705.8333126
706.0445917
706.2558558
706.4671046
706.6783383
706.8895569
707.1007602
707.3119484
707.5231214
707.7342792
707.9454218
708.1565493
708.3676615
708.5787585
708.7898403
709.0009069
709.2119583
709.4229945
709.6340154
709.8450212
710.0560117
710.2669869
710.4779469
710.6888917
710.8998212
711.1107355
711.3216345
711.5325182
711.7433867
711.9542399
712.1650779
712.3759005
712.5867079
712.7975
713.0082768
713.2190383
713.4297845
713.6405154
713.851231
714.0619313
714.2726162
714.4832859
714.6939402
714.9045791
715.1152028
715.3258111
715.536404
715.7469817
715.9575439
716.1680908
716.3786223
716.5891385
716.7996393
717.0101247
717.2205947
717.4310494
717.6414887
717.8519125
718.062321
718.2727141
718.4830917
718.693454
718.9038008
719.1141322
719.3244482
719.5347487
719.7450338
719.9553035
720.1655577
720.3757965
720.5860198
720.7962277
721.0064201
721.216597
721.4267585
721.6369045
721.847035
722.05715
722.2672495
722.4773335
722.687402
722.897455
723.1074925
723.3175145
723.527521
723.7375119
723.9474873
724.1574472
724.3673915
724.5773203
724.7872335
724.9971312
725.2070133
725.4168798
725.6267308
725.8365662
726.046386
726.2561903
726.4659789
726.675752
726.8855094
727.0952513
727.3049775
727.5146881
727.7243831
727.9340625
728.1437262
728.3533744
728.5630068
728.7726236
728.9822248
729.1918103
729.4013802
729.6109344
729.8204729
730.0299958
730.2395029
730.4489944
730.6584702
730.8679303
731.0773747
731.2868033
731.4962163
731.7056136
731.9149951
732.1243609
732.3337109
732.5430453
732.7523639
732.9616667
733.1709538
733.3802251
733.5894806
733.7987204
734.0079444
734.2171527
734.4263451
734.6355218
734.8446826
735.0538277
735.2629569
735.4720703
735.681168
735.8902497
736.0993157
736.3083658
736.5174001
736.7264185
736.9354211
737.1444079
737.3533787
737.5623337
737.7712729
737.9801961
738.1891035
738.3979949
738.6068705
738.8157302
739.024574
739.2334018
739.4422138
739.6510098
739.8597899
740.068554
740.2773022
740.4860345
740.6947508
740.9034512
741.1121356
741.320804
741.5294565
741.738093
741.9467135
742.155318
742.3639065
742.572479
742.7810355
742.9895759
743.1981004
743.4066088
743.6151012
743.8235776
744.0320379
744.2404822
744.4489104
744.6573226
744.8657187
745.0740987
745.2824627
745.4908105
745.6991423
745.907458
746.1157576
746.324041
746.5323084
746.7405596
746.9487947
747.1570137
747.3652165
747.5734033
747.7815738
747.9897282
748.1978664
748.4059885
748.6140944
748.8221841
749.0302577
749.238315
749.4463561
749.6543811
749.8623898
750.0703823
750.2783586
750.4863187
750.6942625
750.9021901
751.1101015
751.3179966
751.5258754
751.733738
751.9415843
752.1494143
752.3572281
752.5650256
752.7728067
752.9805716
753.1883201
753.3960524
753.6037683
753.8114679
754.0191512
754.2268181
754.4344687
754.6421029
754.8497208
755.0573223
755.2649074
755.4724762
755.6800285
755.8875645
756.0950841
756.3025873
756.5100741
756.7175444
756.9249984
757.1324359
757.339857
757.5472616
757.7546498
757.9620215
758.1693768
758.3767156
758.584038
758.7913438
758.9986332
759.2059061
759.4131625
759.6204024
759.8276257
760.0348326
760.2420229
760.4491967
760.6563539
760.8634946
761.0706188
761.2777264
761.4848174
761.6918919
761.8989498
762.1059911
762.3130158
762.5200239
762.7270154
762.9339903
763.1409486
763.3478902
763.5548152
763.7617236
763.9686153
764.1754904
764.3823488
764.5891906
764.7960157
765.0028241
765.2096158
765.4163909
765.6231492
765.8298908
766.0366157
766.2433239
766.4500154
766.6566901
766.8633481
767.0699894
767.2766138
767.4832216
767.6898125
767.8963867
768.1029441
768.3094848
768.5160086
768.7225156
768.9290058
769.1354792
769.3419358
769.5483755
769.7547984
769.9612045
770.1675937
770.373966
770.5803215
770.7866601
770.9929818
771.1992867
771.4055746
771.6118456
771.8180998
772.024337
772.2305573
772.4367607
772.6429471
772.8491166
773.0552691
773.2614047
773.4675233
773.6736249
773.8797096
774.0857773
774.2918279
774.4978616
774.7038783
774.9098779
775.1158606
775.3218262
775.5277747
775.7337062
775.9396207
776.1455181
776.3513984
776.5572617
776.7631079
776.9689369
777.1747489
777.3805438
777.5863216
777.7920822
777.9978258
778.2035522
778.4092614
778.6149535
778.8206285
779.0262863
779.2319269
779.4375503
779.6431566
779.8487456
780.0543175
780.2598721
780.4654096
780.6709298
780.8764327
781.0819185
781.287387
781.4928382
781.6982722
781.9036889
782.1090883
782.3144705
782.5198353
782.7251829
782.9305131
783.1358261
783.3411217
783.5464
783.7516609
783.9569045
784.1621308
784.3673397
784.5725312
784.7777053
784.9828621
785.1880014
785.3931234
785.598228
785.8033151
786.0083848
786.2134371
786.418472
786.6234894
786.8284893
787.0334718
787.2384368
787.4433844
787.6483144
787.853227
788.0581221
788.2629996
788.4678596
788.6727022
788.8775271
789.0823346
789.2871245
789.4918968
789.6966516
789.9013888
790.1061084
790.3108104
790.5154948
790.7201616
790.9248109
791.1294424
791.3340564
791.5386527
791.7432314
791.9477924
792.1523358
792.3568615
792.5613695
792.7658598
792.9703325
793.1747874
793.3792247
793.5836442
793.7880459
793.99243
794.1967963
794.4011449
794.6054757
794.8097887
795.0140839
795.2183614
795.4226211
795.626863
795.831087
796.0352933
796.2394817
796.4436523
796.6478051
796.85194
797.056057
797.2601562
797.4642375
797.6683009
797.8723465
798.0763741
798.2803838
798.4843756
798.6883495
798.8923055
799.0962435
799.3001635
799.5040656
799.7079498
799.9118159
800.1156641
800.3194943
800.5233065
800.7271006
800.9308768
801.1346349
801.338375
801.542097
801.745801
801.9494869
802.1531548
802.3568046
802.5604363
802.7640499
802.9676454
803.1712228
803.3747821
803.5783232
803.7818462
803.985351
804.1888377
804.3923063
804.5957566
804.7991888
805.0026028
805.2059986
805.4093762
805.6127355
805.8160767
806.0193996
806.2227042
806.4259906
806.6292588
806.8325087
807.0357403
807.2389536
807.4421486
807.6453253
807.8484838
808.0516238
808.2547456
808.457849
808.6609341
808.8640008
809.0670491
809.2700791
809.4730907
809.6760838
809.8790586
810.082015
810.284953
810.4878725
810.6907736
810.8936562
811.0965204
811.2993661
811.5021934
811.7050021
811.9077924
812.1105642
812.3133174
812.5160522
812.7187684
812.9214661
813.1241452
813.3268058
813.5294478
813.7320712
813.9346761
814.1372623
814.33983
814.542379
814.7449094
814.9474212
815.1499144
815.3523889
815.5548448
815.757282
815.9597005
816.1621003
816.3644815
816.5668439
816.7691876
816.9715126
817.1738189
817.3761065
817.5783752
817.7806253
817.9828565
818.185069
818.3872627
818.5894376
818.7915937
818.993731
819.1958494
819.3979491
819.6000298
819.8020918
820.0041348
820.206159
820.4081644
820.6101508
820.8121183
821.0140669
821.2159966
821.4179074
821.6197992
821.8216721
822.0235261
822.225361
822.427177
822.628974
822.830752
823.032511
823.234251
823.435972
823.6376739
823.8393568
824.0410207
824.2426654
824.4442912
824.6458978
824.8474853
825.0490538
825.2506031
825.4521333
825.6536444
825.8551363
826.0566091
826.2580627
826.4594972
826.6609125
826.8623086
827.0636855
827.2650431
827.4663816
827.6677009
827.8690009
828.0702816
828.2715431
828.4727854
828.6740083
828.875212
829.0763964
829.2775615
829.4787072
829.6798336
829.8809407
830.0820285
830.2830969
830.4841459
830.6851756
830.8861858
831.0871767
831.2881482
831.4891002
831.6900329
831.8909461
832.0918398
832.2927141
832.4935689
832.6944043
832.8952201
833.0960165
833.2967934
833.4975507
833.6982885
833.8990068
834.0997056
834.3003848
834.5010444
834.7016844
834.9023049
835.1029057
835.303487
835.5040486
835.7045906
835.905113
836.1056157
836.3060988
836.5065622
836.7070059
836.9074299
837.1078342
837.3082189
837.5085838
837.7089289
837.9092544
838.10956
838.309846
838.5101121
838.7103585
838.9105851
839.1107918
839.3109788
839.5111459
839.7112932
839.9114207
840.1115283
840.311616
840.5116839
840.7117319
840.91176
841.1117681
841.3117564
841.5117247
841.7116731
841.9116016
842.1115101
842.3113986
842.5112671
842.7111157
842.9109442
843.1107528
843.3105413
843.5103098
843.7100582
843.9097866
844.1094949
844.3091832
844.5088513
844.7084994
844.9081274
845.1077352
845.3073229
845.5068905
845.7064379
845.9059652
846.1054723
846.3049592
846.5044259
846.7038724
846.9032987
847.1027048
847.3020906
847.5014562
847.7008015
847.9001266
848.0994314
848.2987159
848.4979801
848.697224
848.8964476
849.0956508
849.2948337
849.4939962
849.6931384
849.8922602
850.0913616
850.2904426
850.4895032
850.6885434
850.8875631
851.0865624
851.2855413
851.4844997
851.6834376
851.882355
852.0812519
852.2801284
852.4789843
852.6778196
852.8766345
853.0754288
853.2742025
853.4729556
853.6716882
853.8704002
854.0690915
854.2677622
854.4664124
854.6650418
854.8636506
855.0622388
855.2608063
855.4593531
855.6578792
855.8563845
856.0548692
856.2533332
856.4517764
856.6501988
856.8486005
857.0469814
857.2453415
857.4436808
857.6419993
857.840297
858.0385739
858.2368299
858.4350651
858.6332794
858.8314728
859.0296453
859.227797
859.4259277
859.6240375
859.8221264
860.0201943
860.2182413
860.4162673
860.6142723
860.8122563
861.0102194
861.2081614
861.4060824
861.6039823
861.8018612
861.9997191
862.1975558
862.3953715
862.5931661
862.7909396
862.988692
863.1864233
863.3841334
863.5818223
863.7794901
863.9771367
864.1747622
864.3723664
864.5699494
864.7675112
864.9650518
865.1625711
865.3600692
865.557546
865.7550015
865.9524357
866.1498487
866.3472403
866.5446106
866.7419595
866.9392871
867.1365933
867.3338782
867.5311417
867.7283838
867.9256044
868.1228037
868.3199815
868.5171379
868.7142728
868.9113862
869.1084782
869.3055487
869.5025977
869.6996251
869.8966311
870.0936155
870.2905783
870.4875196
870.6844393
870.8813374
871.0782139
871.2750688
871.4719021
871.6687138
871.8655038
872.0622721
872.2590188
872.4557438
872.6524471
872.8491287
873.0457886
873.2424267
873.4390431
873.6356378
873.8322106
874.0287617
874.225291
874.4217985
874.6182842
874.8147481
875.0111901
875.2076103
875.4040086
875.600385
875.7967396
875.9930722
876.189383
876.3856718
876.5819386
876.7781835
876.9744065
877.1706075
877.3667865
877.5629435
877.7590785
877.9551914
878.1512824
878.3473512
878.5433981
878.7394228
878.9354255
879.1314061
879.3273645
879.5233009
879.7192151
879.9151071
880.110977
880.3068247
880.5026503
880.6984536
880.8942348
881.0899937
881.2857304
881.4814448
881.677137
881.8728069
882.0684545
882.2640799
882.4596829
882.6552636
882.850822
883.046358
883.2418717
883.437363
883.6328319
883.8282784
884.0237025
884.2191042
884.4144834
884.6098402
884.8051746
885.0004865
885.1957758
885.3910427
885.5862871
885.781509
885.9767083
886.1718851
886.3670393
886.5621709
886.75728
886.9523665
887.1474303
887.3424715
887.5374901
887.732486
887.9274593
888.1224099
888.3173378
888.512243
888.7071255
888.9019853
889.0968223
889.2916366
889.4864281
889.6811969
889.8759428
890.0706659
890.2653663
890.4600437
890.6546984
890.8493302
891.0439391
891.2385252
891.4330883
891.6276285
891.8221459
892.0166402
892.2111117
892.4055602
892.5999857
892.7943882
892.9887677
893.1831242
893.3774577
893.5717682
893.7660556
893.9603199
894.1545612
894.3487793
894.5429744
894.7371464
894.9312952
895.1254208
895.3195234
895.5136027
895.7076589
895.9016919
896.0957016
896.2896882
896.4836515
896.6775915
896.8715083
897.0654019
897.2592721
897.453119
897.6469427
897.840743
898.0345199
898.2282735
898.4220037
898.6157106
898.809394
899.0030541
899.1966907
899.3903039
899.5838936
899.7774599
899.9710027
900.164522
900.3580179
900.5514902
900.7449389
900.9383642
901.1317658
901.325144
901.5184985
901.7118294
901.9051367
902.0984204
902.2916805
902.4849169
902.6781297
902.8713187
903.0644841
903.2576258
903.4507437
903.643838
903.8369085
904.0299552
904.2229781
904.4159773
904.6089527
904.8019042
904.994832
905.1877359
905.3806159
905.5734721
